[1631, 1488]
[1631, 1496]
[1629, 1498]
[1618, 1498]
[1617, 1499]
[1616, 1499]
[1616, 1501]
[1615, 1502]
[1610, 1502]
[1609, 1503]
[1601, 1503]
[1600, 1502]
[1595, 1502]
[1593, 1500]
[1593, 1499]
[1592, 1499]
[1591, 1498]
[1591, 1494]
[1589, 1494]
[1588, 1493]
[1568, 1493]
[1568, 1503]
[1567, 1504]
[1557, 1504]
[1557, 1505]
[1555, 1507]
[1554, 1507]
[1553, 1508]
[1543, 1508]
[1543, 1551]
[1544, 1552]
[1544, 1562]
[1545, 1563]
[1545, 1587]
[1546, 1588]
[1546, 1605]
[1547, 1606]
[1547, 1627]
[1548, 1628]
[1548, 1631]
[1547, 1632]
[1547, 1641]
[1546, 1642]
[1546, 1643]
[1545, 1644]
[1545, 1647]
[1544, 1648]
[1542, 1648]
[1541, 1649]
[1540, 1649]
[1540, 1656]
[1539, 1657]
[1538, 1656]
[1536, 1656]
[1535, 1655]
[1535, 1646]
[1516, 1646]
[1516, 1652]
[1515, 1653]
[1514, 1653]
[1514, 1658]
[1513, 1659]
[1497, 1659]
[1496, 1660]
[1491, 1660]
[1490, 1661]
[1486, 1661]
[1485, 1660]
[1476, 1660]
[1475, 1659]
[1475, 1658]
[1474, 1657]
[1474, 1656]
[1473, 1655]
[1473, 1652]
[1452, 1652]
[1452, 1662]
[1450, 1664]
[1440, 1664]
[1440, 1665]
[1438, 1667]
[1429, 1667]
[1428, 1668]
[1427, 1668]
[1426, 1669]
[1424, 1669]
[1424, 1689]
[1425, 1690]
[1425, 1707]
[1426, 1708]
[1426, 1729]
[1427, 1730]
[1427, 1740]
[1428, 1741]
[1428, 1757]
[1429, 1758]
[1429, 1775]
[1430, 1776]
[1430, 1791]
[1431, 1792]
[1431, 1811]
[1432, 1812]
[1432, 1815]
[1433, 1816]
[1454, 1816]
[1455, 1815]
[1469, 1815]
[1470, 1814]
[1495, 1814]
[1496, 1813]
[1500, 1813]
[1501, 1812]
[1527, 1812]
[1528, 1811]
[1530, 1811]
[1531, 1810]
[1559, 1810]
[1560, 1809]
[1567, 1809]
[1567, 1808]
[1568, 1807]
[1606, 1807]
[1607, 1806]
[1611, 1806]
[1611, 1805]
[1612, 1804]
[1635, 1804]
[1635, 1803]
[1636, 1802]
[1670, 1802]
[1671, 1801]
[1675, 1801]
[1676, 1800]
[1699, 1800]
[1699, 1799]
[1700, 1798]
[1726, 1798]
[1726, 1797]
[1727, 1796]
[1734, 1796]
[1735, 1795]
[1736, 1796]
[1758, 1796]
[1758, 1795]
[1759, 1794]
[1782, 1794]
[1784, 1792]
[1794, 1792]
[1795, 1791]
[1803, 1791]
[1804, 1790]
[1805, 1790]
[1805, 1789]
[1806, 1788]
[1806, 1787]
[1807, 1786]
[1807, 1782]
[1808, 1781]
[1809, 1781]
[1809, 1755]
[1808, 1754]
[1808, 1753]
[1807, 1752]
[1807, 1722]
[1806, 1721]
[1806, 1713]
[1805, 1712]
[1805, 1696]
[1804, 1695]
[1804, 1686]
[1803, 1685]
[1803, 1676]
[1802, 1675]
[1802, 1644]
[1801, 1643]
[1801, 1642]
[1800, 1641]
[1799, 1641]
[1797, 1639]
[1797, 1637]
[1792, 1637]
[1791, 1636]
[1791, 1635]
[1790, 1635]
[1788, 1633]
[1788, 1632]
[1787, 1631]
[1787, 1630]
[1785, 1630]
[1784, 1629]
[1784, 1627]
[1765, 1627]
[1764, 1628]
[1763, 1628]
[1763, 1638]
[1762, 1639]
[1761, 1639]
[1760, 1638]
[1760, 1636]
[1742, 1636]
[1741, 1637]
[1741, 1638]
[1740, 1639]
[1725, 1639]
[1725, 1643]
[1724, 1644]
[1723, 1644]
[1722, 1643]
[1722, 1634]
[1721, 1633]
[1721, 1632]
[1703, 1632]
[1703, 1646]
[1702, 1647]
[1686, 1647]
[1685, 1648]
[1675, 1648]
[1674, 1647]
[1674, 1638]
[1673, 1637]
[1673, 1636]
[1674, 1635]
[1674, 1626]
[1675, 1625]
[1675, 1603]
[1674, 1602]
[1674, 1576]
[1672, 1574]
[1672, 1572]
[1673, 1571]
[1673, 1546]
[1671, 1544]
[1671, 1522]
[1670, 1521]
[1670, 1520]
[1669, 1519]
[1669, 1509]
[1668, 1508]
[1668, 1507]
[1667, 1506]
[1667, 1505]
[1664, 1502]
[1664, 1501]
[1663, 1500]
[1663, 1499]
[1661, 1499]
[1660, 1498]
[1657, 1498]
[1656, 1497]
[1656, 1496]
[1655, 1495]
[1655, 1492]
[1654, 1492]
[1652, 1490]
[1652, 1489]
[1651, 1488]
