[2434, 802]
[2433, 803]
[2426, 803]
[2423, 806]
[2423, 807]
[2422, 808]
[2422, 811]
[2421, 812]
[2421, 814]
[2420, 815]
[2420, 818]
[2419, 819]
[2419, 820]
[2418, 821]
[2418, 823]
[2417, 824]
[2417, 825]
[2416, 826]
[2416, 829]
[2415, 830]
[2415, 833]
[2414, 834]
[2414, 835]
[2413, 836]
[2413, 838]
[2412, 839]
[2412, 841]
[2411, 842]
[2411, 845]
[2410, 846]
[2410, 847]
[2409, 848]
[2409, 851]
[2408, 852]
[2408, 854]
[2407, 855]
[2407, 857]
[2406, 858]
[2406, 859]
[2405, 860]
[2405, 863]
[2404, 864]
[2404, 867]
[2403, 868]
[2403, 870]
[2402, 871]
[2402, 873]
[2401, 874]
[2401, 876]
[2400, 877]
[2400, 881]
[2399, 882]
[2399, 884]
[2397, 886]
[2397, 889]
[2396, 890]
[2396, 891]
[2395, 892]
[2395, 894]
[2394, 895]
[2394, 898]
[2393, 899]
[2393, 901]
[2392, 902]
[2392, 905]
[2391, 906]
[2391, 907]
[2390, 908]
[2390, 911]
[2389, 912]
[2389, 914]
[2388, 915]
[2388, 917]
[2387, 918]
[2387, 919]
[2386, 920]
[2386, 922]
[2385, 923]
[2385, 926]
[2384, 927]
[2384, 930]
[2382, 932]
[2382, 934]
[2381, 935]
[2381, 940]
[2380, 941]
[2380, 943]
[2379, 944]
[2379, 946]
[2378, 947]
[2378, 949]
[2377, 950]
[2377, 951]
[2376, 952]
[2376, 953]
[2375, 954]
[2375, 958]
[2374, 959]
[2374, 960]
[2373, 961]
[2373, 963]
[2372, 964]
[2372, 967]
[2371, 968]
[2371, 971]
[2370, 972]
[2370, 974]
[2369, 975]
[2369, 976]
[2368, 977]
[2368, 981]
[2366, 983]
[2366, 985]
[2365, 986]
[2365, 989]
[2364, 990]
[2364, 994]
[2363, 995]
[2363, 998]
[2362, 999]
[2362, 1000]
[2361, 1001]
[2361, 1004]
[2360, 1005]
[2360, 1007]
[2359, 1008]
[2359, 1010]
[2358, 1011]
[2358, 1012]
[2357, 1013]
[2357, 1017]
[2356, 1018]
[2356, 1020]
[2355, 1021]
[2355, 1042]
[2356, 1043]
[2356, 1047]
[2357, 1048]
[2359, 1048]
[2360, 1049]
[2361, 1049]
[2362, 1050]
[2364, 1050]
[2365, 1051]
[2367, 1051]
[2368, 1052]
[2373, 1052]
[2374, 1053]
[2376, 1053]
[2377, 1054]
[2377, 1055]
[2379, 1055]
[2380, 1056]
[2384, 1056]
[2385, 1057]
[2386, 1057]
[2387, 1058]
[2389, 1058]
[2390, 1059]
[2392, 1059]
[2393, 1060]
[2394, 1060]
[2395, 1061]
[2399, 1061]
[2400, 1062]
[2403, 1062]
[2404, 1063]
[2407, 1063]
[2409, 1065]
[2411, 1065]
[2412, 1066]
[2413, 1066]
[2414, 1067]
[2418, 1067]
[2419, 1068]
[2421, 1068]
[2423, 1070]
[2425, 1070]
[2426, 1071]
[2444, 1071]
[2445, 1072]
[2445, 1076]
[2450, 1076]
[2452, 1078]
[2453, 1078]
[2454, 1079]
[2456, 1079]
[2457, 1080]
[2459, 1080]
[2461, 1082]
[2463, 1082]
[2464, 1083]
[2467, 1083]
[2468, 1084]
[2470, 1084]
[2471, 1085]
[2474, 1085]
[2475, 1086]
[2478, 1086]
[2479, 1087]
[2480, 1087]
[2481, 1088]
[2484, 1088]
[2485, 1089]
[2487, 1089]
[2489, 1091]
[2492, 1091]
[2493, 1092]
[2498, 1092]
[2499, 1093]
[2499, 1094]
[2501, 1094]
[2502, 1095]
[2504, 1095]
[2505, 1096]
[2507, 1096]
[2508, 1097]
[2511, 1097]
[2512, 1098]
[2514, 1098]
[2515, 1099]
[2518, 1099]
[2519, 1100]
[2549, 1100]
[2550, 1099]
[2550, 1096]
[2551, 1095]
[2551, 1093]
[2553, 1091]
[2553, 1088]
[2554, 1087]
[2554, 1086]
[2555, 1085]
[2555, 1081]
[2556, 1080]
[2556, 1078]
[2557, 1077]
[2557, 1076]
[2558, 1075]
[2558, 1072]
[2559, 1071]
[2559, 1068]
[2560, 1067]
[2560, 1066]
[2561, 1065]
[2561, 1062]
[2562, 1061]
[2562, 1060]
[2563, 1059]
[2563, 1055]
[2564, 1054]
[2564, 1053]
[2565, 1052]
[2565, 1050]
[2566, 1049]
[2566, 1046]
[2567, 1045]
[2567, 1042]
[2568, 1041]
[2568, 1040]
[2569, 1039]
[2569, 1037]
[2570, 1036]
[2570, 1033]
[2571, 1032]
[2571, 1029]
[2572, 1028]
[2572, 1026]
[2573, 1025]
[2573, 1023]
[2574, 1022]
[2574, 1019]
[2575, 1018]
[2575, 1017]
[2576, 1016]
[2576, 1013]
[2577, 1012]
[2577, 1011]
[2578, 1010]
[2578, 1008]
[2579, 1007]
[2579, 1004]
[2581, 1002]
[2581, 997]
[2582, 996]
[2582, 994]
[2584, 992]
[2584, 988]
[2585, 987]
[2585, 986]
[2586, 985]
[2586, 983]
[2587, 982]
[2587, 979]
[2588, 978]
[2588, 976]
[2589, 975]
[2589, 974]
[2590, 973]
[2590, 971]
[2591, 970]
[2591, 967]
[2592, 966]
[2592, 964]
[2593, 963]
[2593, 960]
[2594, 959]
[2595, 959]
[2595, 954]
[2596, 953]
[2596, 951]
[2597, 950]
[2597, 947]
[2598, 946]
[2598, 944]
[2599, 943]
[2599, 942]
[2600, 941]
[2600, 937]
[2601, 936]
[2601, 934]
[2602, 933]
[2602, 931]
[2603, 930]
[2603, 928]
[2604, 927]
[2604, 924]
[2605, 923]
[2605, 921]
[2606, 920]
[2606, 917]
[2607, 916]
[2607, 914]
[2608, 913]
[2608, 910]
[2609, 909]
[2609, 908]
[2610, 907]
[2610, 906]
[2611, 905]
[2611, 901]
[2612, 900]
[2612, 899]
[2613, 898]
[2613, 894]
[2614, 893]
[2614, 891]
[2615, 890]
[2615, 888]
[2616, 887]
[2616, 884]
[2617, 883]
[2617, 882]
[2618, 881]
[2618, 863]
[2617, 862]
[2616, 862]
[2615, 861]
[2614, 861]
[2611, 858]
[2611, 853]
[2609, 853]
[2608, 852]
[2608, 851]
[2607, 851]
[2605, 849]
[2604, 849]
[2603, 848]
[2582, 848]
[2581, 849]
[2579, 849]
[2578, 848]
[2572, 848]
[2571, 847]
[2570, 847]
[2569, 846]
[2567, 846]
[2566, 845]
[2565, 845]
[2564, 844]
[2563, 844]
[2562, 843]
[2562, 839]
[2561, 838]
[2561, 837]
[2560, 837]
[2558, 835]
[2557, 835]
[2556, 834]
[2555, 834]
[2553, 832]
[2532, 832]
[2532, 833]
[2531, 834]
[2529, 834]
[2528, 833]
[2525, 833]
[2524, 832]
[2521, 832]
[2520, 831]
[2519, 831]
[2518, 830]
[2516, 830]
[2515, 829]
[2513, 829]
[2512, 828]
[2512, 822]
[2510, 820]
[2509, 820]
[2508, 819]
[2507, 819]
[2506, 818]
[2505, 818]
[2504, 817]
[2503, 817]
[2502, 816]
[2483, 816]
[2483, 817]
[2482, 818]
[2479, 818]
[2478, 817]
[2475, 817]
[2474, 816]
[2471, 816]
[2470, 815]
[2468, 815]
[2467, 814]
[2466, 814]
[2465, 813]
[2464, 813]
[2463, 812]
[2463, 807]
[2462, 807]
[2461, 806]
[2461, 805]
[2459, 805]
[2458, 804]
[2458, 803]
[2457, 803]
[2456, 802]
